F=[4 18 8 9 13];
x=[0.013 0.020 0.009 0.010 0.012];
k=F./x
