L=[41.3 34.5 29.8 28.2 23.1 20.5 19.5 15.6 14.8];
r=on